12240347635474401
20103147552247968
20201211348279265
60335927356452284
61659787645216879
66185939807207533
67229215833828174
67475315074927727
69113179951246564
80539142423421728
82815109329562551
84671945506534095
92543144079219350
96912395872312002
106813798025658263
110832727662647164
111271487703013054
117155283830054759
131133300794822923
131432701515014053
151567293424840221
152246055961432504
159588548217886087
161150797127680064
164193130168738940
169044970327335840
214192302369605816
224861065188556497
231345659604377006
231346817260897017
248191487683906474
264428178888340151
273695273655309907
279988559755111093
281271239126118568
287495423255379531
287498684931997620
295155663991320455
295361915027100696
304477470096227316
326493371557308539
329360718724950680
344420273088687177
348631567415030390
350079650329073768
367978443516642476
369022863917224338
372117301882493652
381646877736366988
405985988217813778
415707053262448728
429107450758491075
430402351407318573
436220089547046829
442099594827973497
445767122545668700
449333901930669021
449790544471809258
460399480798083145
465817147172004300
468258894734189902
471672509549598443
477034504568081856
500267926876069700
500322734497290935
502395958848243597
516876989459083813
521751762577307292
529136820291738732
529307058044699258
534041167011886289
545509008366560826
547927238634763781
556470014387650415
566659025358022842
568243594555001182
574530926447920762
581589588414122563
601481559944452113
604592177210890082
608608750732506095
624025630484600403
635018861861533745
678847631344816441
691579911390508666
692082704186239684
692767921280368467
695217056775074516
699050232378854479
703328260442971376
706043090066428497
708078911616377726
713777912722689986
723602432795542454
723766706704879901
726483902642981864
728010726469375000
731342323820233704
741017567748570305
748364117601080328
751907425880672838
751923233513799297
753174019325994713
754251479891669799
761647803215668314
775950197108532707
782794343307570759
787181271685395585
788317163237789684
789201132635582011
827314298294129262
835455195937987074
835552478080715739
851241300283133536
863221111764560594
868443756221838139
879323953783683571
887486386704377461
893917847415445066
894094051524127428
894236341327293967
899256057908054477
910663974165105321
934874745796999051
957207426305130144
957444913521799057
961958299915121747
964629098401017309
979542019694742386
1005877450984721837
1006832022036398461
1009924146973203240
1019061040891393934
1033590140561118226
1048109693297370766
1050952975859808623
1061902265421958843
1068830085561201855
1070243670512579252
1079017395655292882
1079250349800726618
1084211721505625852
1099256852414044626
1107681583611302537
1112307186459393718
1122681242053400847
1123311807878312813
1134449041863825234
1139860307507913465
1143128925909088776
1165662538593174378
1171274893438507309
1174895690078064039
1176924747561608126
1178922781614060909
1180421696831862748
1200053860593662790
1203687826534864919
1225890217971988308
1245486131990565246
1254686161163649148
1257964717216926558
1262256282099396252
1268561408727505912
1279217718728341281
1279680460399187767
1307399778463080431
1331789957814060762
1337387333964941290
1349821882604427723
1364232317749921407
1376463754352615350
1378297344337175059
1396800838808662654
1404312489877863574
1409912237322220108
1412234011237844170
1417697198670723383
1429898666059761951
1433270798602826465
1436485622758177732
1442299513327617162
1450125267366551286
1457066939077528879
1459049347035959713
1465636658417902748
1471029868002037378
1477389155289261984
1477566962765874210
1504772770525852041
1530727019970543433
1531769103134798601
1533046644994866999
1540473561957948151
1542281332761235530
1542996780954240143
1561610411070817940
1568793606748454343
1570533915314613827
1581968997576095306
1599300458709304145
1611599295888022372
1612509246300911502
1618215238030635956
1626812378084042040
1633043526683574826
1633554243497273474
1639371386834060079
1650963781082296457
1656395489365279541
1701676134203450222
1705118701754889665
1708418720599870325
1714274698087779364
1736523568053752785
1745198039823471546
1745524436526147246
1752448912030080246
1756198239656430903
1759325256824097071
1761617171476371336
1767413666428270900
1768259390382167348
1778419942096963191
1783962383536620014
1787243142271210689
1805728421900567187
1810341594791323276
1810433862145474734
1811914127615529844
1824055006856695852
1824623418901022997
1824828723362310073
1829677592756930025
1831387115034737521
1834583958945569241
1836093595472588146
1844244251394562521
1849420173963940359
1849787693027925687
1858002337858602197
1860868240759809121
1862349901949972579
1873772047746467807
1875399530392280288
1902057660537885713
1907849715129937404
1923796675318889814
1924285674930899123
1935359525292649068
1951133137180298119
1965318880729596368
1972103506122218342
1990688399176381343
1997690651241825711
2002776616078726044
2008656339557373709
2015670882482534661
2042047471568874790
2052863428468114384
2055138567514366190
2062302885632697479
2094175615812084885
2105405681342917068
2111995911262869919
2124755976172072031
2146552791848011982
2155216997910517064
2166143168509428988
2172935515703604366
2173398248525649883
2175373010334953001
2181485114060976646
2191326199016509592
2191564373309869687
2192224579667891831
2200761143971408102
2207597590570978868
2223806108690320704
2233274464089499014
2258498454000803517
2279668094452332046
2283108875217436830
2294168163900743891
2297904574725837364
2301755077808848887
2316137052854515708
2336958910765663518
2351843140780353147
2353125500470965490
2353282941605145936
2361597634739156615
2364230265629951904
2367640694574452861
2368581471004707710
2394479987532259484
2396112112190167862
2410049082235400678
2415187257805473832
2416673001149492826
2422792842932357960
2425744241478184212
2431475011371465034
2432051004652328961
2435541781748281309
2435805140837847934
2437306904248880087
2439010600134886314
2464976434837070393
2469305368780685158
2470264749636350578
2471444343860290303
2473691019449852820
2483614275579476270
2494459111347280017
2495719497075872385
2507878641346027999
2514305120873811808
2514708270430260225
2515406972088854521
2516477936534603906
2526882412641350860
2531930010845860094
2534288140934704981
2550730530868513982
2553348325170194674
2567074645824308792
2588579726412765115
2593503682053977602
2593533621901379993
2603325378481023414
2607441132454153989
2617879605833205355
2618087388408277674
2621858942344455145
2625260422304758854
2628384375951672289
2635679478344861039
2644949185914886231
2649029089443804469
2650919250480536283
2657438936218015050
2663258655896368094
2666335990214135564
2671017435670655443
2681435910087562240
2687821690334165028
2687972410997122955
2701693799650811297
2701883065924782275
2705529081962942160
2715364861796627243
2722170167701073610
2723634266531740798
2725319749255856095
2726276789802617867
2726355920607112315
2728878490234335070
2745595592972475195
2751292266602790368
2765951589591083501
2767321024119679593
2770617885823788312
2774192234845345065
2786407513772346510
2792412369432741508
2795845590751689858
2804771216816196607
2806681120574559578
2807357285313696223
2815415656504093881
2821788675811292754
2827240661139235647
2841712089936792827
2844254987012668561
2851096478685950217
2852895496572326371
2872144804225489865
2872417242379232327
2879088356149613669
2881243883027794170
2890724601740517333
2892492785805698387
2895026803927139880
2898484940652189405
2899313786558021119
2901829400500485616
2905642506144222591
2909618200678323590
2915253843051723318
2922202623222040529
2930845873619607987
2935689841537244064
2942163375041705986
2942425759659659971
2942463059172260659
2947600099875268691
2953228403583493861
2955361036526277883
2956019087279700337
2961775383555852808
2975934093168584970
2981521319315337029
2984646044914517460
2999903902378795856
3006306087909941676
3024816066489851599
3025399523744954175
3028246123513424881
3028864393844808734
3032432952207979037
3056143046416108556
3060504325773364073
3071826918683061536
3074176539752464814
3096222342417033936
3097294754606766378
3097807947330350263
3101895761612460269
3102095208401403852
3107726052198798610
3114576885803260882
3130211939968747092
3146093691057020218
3147121919825766043
3153918821659767913
3155729561124374489
3170865191470148813
3171924179073979244
3173170648360167863
3175448947283148794
3184477638823644943
3185112609577315053
3210421040614818754
3212609271509971367
3212954626447185836
3219877809531642487
3225156053127353152
3228686907483609121
3237915100058579810
3244357626056276482
3246243480624607017
3271753728247994763
3291470240375969550
3300728588662798993
3308680127812022395
3310904146992092622
3312305988969709666
3313062434978502942
3319777476869984040
3320752978381488894
3342121997548308076
3352243310227365584
3364863044126900477
3370121220133272118
3372173798738755012
3426407379937855242
3438591893061833208
3441676406543375916
3444227836992099213
3445690603675489388
3445952210508471547
3451393577113126413
3452577952021019171
3480920330781403439
3481773844157592197
3492574628053696030
3506344917834104856
3532343033378530582
3534514854006325226
3537571690255871323
3548871245582307016
3550226244565814560
3566882288159569212
3574325100986660051
3576851132437571358
3579841045609188288
3593899918288776148
3596932353725966240
3614307958023421883
3642139643964494956
3648237423190122838
3652902713153038749
3654389025014746664
3661784200916439727
3677379398557953113
3690646321680215190
3691797639732860335
3728777415788907296
3731633198230593385
3742472344657032089
3743899531484093180
3744152871225773306
3755353749509141818
3760891051392597399
3780600702100945106
3783806980004330413
3802266312958535524
3809803945704727597
3816381037747727479
3818687559116654766
3821286065836723961
3827652585402334888
3835941495112556796
3841811271601588806
3849809945480899068
3859089164433421829
3859272591363023199
3863940653131604775
3869140410529726599
3877230843065012324
3932707909611994146
3933214408204152693
3935232758134814050
3936633079877439068
3945408630258817933
3945968007770135230
3947701556006680449
3957141432019084083
3980345027037474374
4000907446206826394
4019322593092195923
4021216204242996599
4060525513938965981
4062025426153462556
4078442405695431276
4085507372502255342
4103576519852393268
4105814145991917293
4107097484584782094
4118143550041227962
4119594202711387181
4120083324378059280
4131660688698128764
4132141861014393031
4139307556190246113
4146092843078417001
4152303066657992652
4152684407427321120
4155051585823692888
4159387406630091893
4160940036640187064
4166032611440423801
4171358222868136686
4172555457546183712
4176640409836503432
4181646259277656260
4184605513611487896
4185830641543067254
4189849631937097002
4194134967358533200
4194969307317777600
4200145209217483334
4210579509265726835
4221231931739663519
4222451201738866522
4240095818848513680
4240964213982824076
4242573484709623811
4246522807723130018
4247773854533912607
4259776985227882678
4260416046986089590
4268217151469547257
4288400702456662396
4288432590110758032
4295335383910864786
4295400293560443405
4301188735247100686
4318849815927798064
4320807871549999366
4335847177884316217
4343123411527406321
4362388919976661049
4364650596815437028
4387388281175968741
4390835427145805686
4397004034808116689
4405293090829079523
4409679444550093069
4412121194389004216
4412617099317055692
4419645095936260775
4420428171209937118
4425443234887571184
4427709642404051444
4434261119678262440
4451619993434762628
4451718223009088147
4453258089495621408
4455455449223677925
4458928330745918494
4462458377315269390
4484607673100943605
4496067090287428816
4497043642497857542
4503248226912267181
4510015084830765434
4519892853724165792
4526377976499636620
4548317743513211389
4548815686690658928
4555615111687153366
4570690082046280842
4571739308839482428
4582034350906790929
4585210564371552091
4585647498151855399
4603556038315522184
4606240865509813658
4613677925906736452
4620526162975193686
4625255811735585276
4636138035267568066
4641404204349106237
4646410987499525605
4658436426077866360
4659911652701170965
4680094663025549662
4693796739931682522
4695442377606059641
4723051562044970201
4732270140852203083
4736344610840135980
4740397737364588345
4751349635950857940
4757279628777789292
4762815967543492779
4763856448837066310
4764930487138459914
4770623656867276390
4776148410024403520
4778875587237701180
4785751982059578290
4798156503028205016
4802499331533423927
4804972385305625360
4814406221988657274
4819898194724461199
4822232894154557684
4832359018192835418
4832584771994834374
4842962748084346242
4843239964068616308
4850502166866385171
4855075630097065827
4856276779366617923
4885282775849825445
4887018412121859262
4899110892799373348
4911014323802373438
4916543816165458093
4919845379722173831
4927389133384153696
4927527358474930646
4939117545418463383
4956990824134263878
4957305597270832422
4961545196741322049
4962402591952927181
4981367873241423217
4982165302672882029
4989482789772634764
5002748331714946326
5006197389036279409
5011531079224037121
5026326634266302727
5045428535510710155
5045964224085663343
5046835943503255662
5050343884258929708
5050637523397248303
5055258232996847630
5056196950848936755
5058401678083606250
5064742671680023517
5071523689117667217
5079400270022593076
5081298934304050333
5095397519336502023
5107047229740556914
5112699858951747569
5126151558864550502
5126530090070885090
5134152748950869906
5163048226376049017
5163284286759763845
5168007745226270145
5178005992572294328
5195354178763674689
5202586159866806564
5240054587330396912
5241880932522786152
5244479133129694535
5248280471238142765
5249965324214255429
5251899600424617418
5252278030931792528
5270117027568828208
5272525664044219031
5274490609769486367
5278098883115854084
5287586651680274114
5294481504603137990
5301982026840819168
5309114108165317982
5318213308882477806
5318250554724649043
5328519358429659726
5335990050799157665
5337065088430481072
5342355933314490319
5359558572140394840
5362681600612333069
5381395356937685532
5397047788195417402
5408505871985985773
5410951558029119502
5442056766383105912
5446333972537122907
5469011322428782893
5472287461891728232
5492915085583550654
5497250165062051692
5497277999048975295
5501277455960293281
5514753123091816062
5519843533980924216
5525728181112493509
5539333975065574179
5546859859346023731
5546901264930186707
5556325299683882166
5562208499383400356
5575630570701224369
5578836347710252503
5581995553439941913
5585329860711023306
5586855135203036406
5593712919290503791
5616165318335991353
5624561031246397083
5625691882834430457
5626789273375882906
5628567912222670144
5654026685351998317
5657626933341510553
5683222486796646154
5691420756564973983
5702497096981911033
5712076753591853232
5723549969268381371
5734724917767279717
5742587184323731206
5747810533444493068
5752524576720796003
5753316132270722632
5754225905823946815
5754811922801982735
5758122908319819539
5783178294557964436
5809371537534955827
5826423947154203430
5832314843528704231
5833803096286792744
5845888905792001400
5859279314215105187
5862176738845657904
5864170099282445334
5876697956600047855
5881711437493697313
5889202417318042568
5901048122618910620
5907648240471332096
5909740864416861882
5916595392391821086
5916940866718126303
5928478103457741753
5928996361492411320
5929667872784133381
5930796717199271592
5941394857765566558
5951798350247179771
5958509777244183119
5967993833626513593
5975214722860267489
5976715382010842905
5980206253503659390
5980259794131239739
5986699107289621005
5989286269588931070
5991104189322173769
5991970005098282816
5992367166399067750
6002730759382871684
6021233187564178270
6024584351463739839
6034363171227281157
6037657874355833859
6039467322573797293
6047519010205738054
6050953200751860474
6059044907382114359
6060268558313980211
6062314665580954704
6071117562873018819
6072542927320692130
6082363291607112848
6088557913164136315
6089280042972878682
6091112815403024128
6092447925495296111
6098109849804705700
6104751588446234302
6109738555223104965
6121811935910487071
6121968851870845544
6127540239224848164
6133025195750275605
6133719476330240314
6138633819606115919
6145527862026417127
6148683658672240477
6149694627945129945
6154385371316213113
6157971132214846089
6160589476555190073
6167965500319463535
6168951065752001324
6172703259054737103
6177096159589375031
6185642768518948770
6186637694324824254
6191319318048096339
6193450201752013676
6206138176941073022
6212920335189228017
6217843403049308145
6218492166434859844
6219399317888672835
6225361188817822516
6229282385523006292
6247387511376394638
6254066227659362452
6255288786401794588
6257073718890947542
6268211371020318493
6270250392331264328
6278309420089977934
6283267488048796066
6294682711162007018
6299595033313200724
6307622990094063028
6308117222820160161
6316145175375328934
6318539659031037934
6319224409603346778
6324275094885775378
6324415637004152917
6333208076724389367
6335576154548408745
6347599454768586186
6353743304829129222
6355862490886090764
6358773183602202845
6360053148259073174
6377112873011375936
6379904672929130915
6391019623704820298
6393738066892443585
6404139925664039314
6404310112099479676
6416065478237159860
6419995206069687604
6423324023776677862
6449231554581935261
6476293606458944536
6492962913469482030
6493001879305783697
6503309591564049113
6516625298361464713
6517238344564815881
6538065675494629544
6546385516398761874
6564513521385235570
6566431937679809951
6574634607664851408
6591096246893631466
6595090259580890922
6599434824693554122
6599686809652368119
6604919165900381624
6606430488623591676
6606693784182484175
6615165644884793576
6619363595826923260
6623681761977794388
6640529383376329844
6640545117607818579
6654034383739395463
6656697419590018350
6657462387077313693
6670110805053100581
6686511164802810138
6686621633319463690
6690134289943448239
6702678795232920657
6708599900031337722
6711101921979782653
6713584462216629843
6744754814754273716
6780134768011897672
6796497181603437153
6804335416724217074
6804819027413719644
6816043849919668557
6827524110123955006
6831903596433441121
6834612250121579972
6835374826685304925
6835505196777555013
6839660116667523099
6846149712478677617
6848963097426745752
6849076481569580624
6849847784498456508
6857123381768212763
6870187839858147570
6885157646985185309
6896612356984808612
6899273749962070076
6958391891989347615
6962978165805408626
6965097833957392234
6969974400689814616
6978531959906153768
6979265909534757015
6980550876391670552
6992836605465264564
6996696972534115694
7000183489661905255
7021891236892388039
7032884066572606865
7056331422878589129
7065482637098652246
7070979277466381268
7071484248587766655
7075535313050317970
7099964547012985836
7102714310735795833
7104036521073428635
7107980789397300623
7109764957723021287
7119096047146561853
7129408348615711114
7141921800221837243
7151248812860165966
7157297558726883281
7167442705333657059
7179471780490587646
7229328935274290007
7231328650964653347
7233901789994655586
7238494904106551827
7241451643305894735
7248050310014284846
7252569251905744311
7252887119640890690
7255550973799344678
7272580094931986007
7276702482885546140
7278523682710635608
7278609478484805201
7286835509739482884
7308097314364361069
7323121149256591211
7330740008536795582
7342511536300693160
7345635521579921973
7346153465642187023
7353186993426269598
7353229054046893126
7358131894037347378
7361272835131159795
7362311116562029122
7381896904909434340
7386729914679626217
7391495284591378794
7397082313806191840
7400835141171487507
7403099475801437001
7413026625044334756
7418056058461428352
7419648598451669862
7440016147305028234
7446607286186601064
7448032941192895625
7449760164768993663
7455719088910604681
7456068494673355106
7479654927782768869
7491133344297396873
7496877450121633908
7501391462839509855
7505335880449190963
7508521734148711429
7518015216341735074
7532131659374385574
7533524769982588489
7544411518462464301
7548123493915888749
7553725040868713136
7556930971208221608
7559488383202489928
7560406578132486886
7575959477567950980
7577542913910171215
7584546381128174886
7584603619150846899
7594434747521486918
7597395915197335967
7603287325409342472
7611826709483274886
7615338545532833588
7621755284351918036
7632462114302435197
7638588217284916858
7657512797865552559
7675139211668816075
7675220363599684730
7676851148702358440
7678886183558684547
7693557526850815452
7705309576018102111
7708707178440051497
7721344146120981551
7722398980277980086
7728188873086386422
7732331808438886584
7737211424219063612
7743537525456918523
7744837886660136024
7745200883513045921
7752713348238548331
7757240899611348905
7785263883433063279
7805804997777760050
7806593418334561243
7807386018047415289
7808573691355883190
7818464056301515279
7837389545991547795
7841570921045919646
7876710995318742061
7881611047025457393
7882035129079239477
7889908926434296454
7893219424330827862
7903024910010636880
7929954433550626997
7951384848269285541
7967471836258840510
7974650913594076147
7976142485502174261
7990876136033788417
7991129465208395208
7995465959284708194
8002848183483256145
8003793212545829434
8022025427896015133
8060695798824539190
8064565249592653441
8068034136717359760
8070904253563182552
8080761438991854899
8081468279582397316
8084143224527358901
8088063386094929585
8091155285072561018
8096661703035550986
8097003433697550537
8097072032723109362
8099379092253359488
8100032009191620914
8102863920713973689
8104108906027310885
8109823095504343704
8130643248090815460
8139506938885387119
8141133539906544285
8151735915762978471
8159077411162842307
8172676900283095400
8183519263603274371
8185046800230788495
8185612329526727505
8198520698823901676
8232342798092406956
8250497082726068074
8255250203773410273
8257150467423123243
8257886263098597090
8268181726780213586
8269676983329181334
8281331400694031575
8284308804271415786
8288770284676475605
8296203678299135383
8298331337502129325
8305452766912197338
8308166223545140326
8309254192246497484
8316072893985032765
8316388176468222755
8318454410874940839
8323070164634587013
8332340579066025565
8338490740604987050
8363901825968477022
8364802567470493701
8368986078703156051
8375175054506751970
8377569011515043197
8398297404718016686
8408599727850637475
8410633421724526354
8411823763203608416
8414184612642296080
8418870298991959819
8419233912093491492
8419427468858203982
8451512335452535966
8457893781252363555
8469315461090690152
8469950859403917860
8472191467642281247
8477741916445333435
8488359704235344134
8498812958571215408
8510893376578501614
8523412319617746966
8524782784040595169
8531617007802196785
8538931347536331674
8541349508593185617
8543692435402738423
8549601122581849846
8552677122818553032
8553719592940366951
8573468165681953488
8577010112127872631
8577176564318130401
8585052520493769876
8608116234879916301
8617653379858346179
8626070731347262095
8629022649866122128
8635607881744270006
8644658667690041081
8647829395209913326
8649702345271308989
8666395010259033791
8671812284236425545
8672160494905799280
8672886580892150094
8674873321604826091
8675053105054852500
8681439640027912926
8683250468421129996
8686471164268156324
8687880441832941723
8689493272154411953
8695944787423441477
8696203248089527937
8696932628302593154
8705747325204401312
8709877642251616499
8714740680096870197
8719283164661454750
8721083078362214304
8732519624308049268
8737040674890298906
8741903324254995348
8743545132569925049
8748726623265508268
8760417235422059248
8769177907359944679
8809164434776165150
8809741667869777154
8811431994730071394
8821490299927270493
8830291760429508297
8833404603415913104
8833745536942455550
8858956027795544449
8859362843350048687
8861538734310484860
8862295488661865777
8863849648948689683
8866524398799281410
8872333020829508331
8886665718191866761
8897590075772907135
8907778138902627868
8911768934067263096
8912095401715998470
8917700718248469121
8919550627688910074
8919891804941084365
8920094369885116526
8933211091781040544
8937466520084484759
8940779020869305678
8944257733496245535
8958459669718259519
8962072855391637831
8962584957838797681
8966926564199998950
8968817555433207781
8974867506275141917
8977429947011208363
9006256985075771284
9012918570400005383
9029569226658489056
9047843079062646086
9078201616594362202
9085501611863302593
9089508840372023259
9091734288837636375
9095143266568579353
9125740560215773576
9127203147632861050
9128259099824770683
9153897427156496821
9162543638681097039
9166387753660907743
9175426594584914200
9176236662538013943
9186667999214074807
9199180646461544410
9205418201705516443
9220043061328090523
9229898900006578244
9239034437277300677
9244996183010299716
9264526932105030960
9274283569610365668
9274473198557711077
9278556527533538048
9295827370176984676
9305342937454207940
9306691142480774593
9308550956715206045
9310119472502245146
9310778009396385885
9339660275090833809
9354670713969064926
9356128024637550424
9356907699693691738
9363406713418411599
9364336722597286195
9384123106641924686
9387413552801092295
9394437838537761553
9410747383165508713
9424298443370215820
9427624061388683053
9429250377762656824
9429945511556645125
9430245854080758217
9434094065729275744
9441375551418455044
9443181939456061501
9444860344868795453
9449699799569635019
9452261783332539115
9469887940530902772
9482017685152374624
9500049651678385389
9514834963361363023
9522631120019498361
9526754724549240681
9546121007356617434
9552642543429112906
9556271749368458174
9558546446451537344
9561460061737690662
9573525717430581508
9574527851537879004
9576458451143895187
9580357825071998431
9585988752458709697
9589063905648757472
9591439378830751274
9591478495006548391
9592768999193824890
9597679835662430785
9598059000022012285
9605282950138649811
9613297535339321813
9613868569832674735
9616855076524886391
9618970420102282084
9620049911396269616
9637507970739632835
9638466884958772076
9641592801298069881
9643772250343449306
9654951617714072769
9662944952635339728
9663433542483587425
9669492266028004853
9670986153506999882
9686761687534634309
9686918705477874546
9688905475654365524
9695071510859704640
9705636168587976188
9711927245720298063
9714800915409158353
9725106559483403337
9729474435793774787
9738630386677665592
9738785767097100158
9767715241367397340
9769965443582801991
9778009884970740893
9785187397096059938
9787510841855584372
9804786449341319655
9811886146520443986
9813423441547183978
9813794073729048078
9815866048316800037
9823067816955194557
9830549636839307491
9834011132291421021
9834191384375013705
9855828145683320304
9857117680488484121
9862528803785611327
9862743602638320940
9874882580828656537
9881044639338439143
9891117012269536301
9894631269231466698
9898499942847058865
9908234347609726516
9908988106204367252
9919874063923603925
9922793118267542629
9940645972871665764
9949342783688261458
9957005565624286852
9962543299677361590
9962628714873524196
9975541365580916854
9977749377937418443
9992687386544096439
9994735278271912685
9996601740365957488
10008367283738893140
10016144676421684589
10019739407238507222
10059844690555887817
10061097238901841270
10061993213817875936
10064405563621512282
10065162209362982894
10086458448179895005
10091139793994649321
10094482228777518219
10095534177461062904
10111429947414756024
10115993774964278004
10132087867109832664
10146499975980600410
10148640169827579578
10155609243305652905
10159012263155703095
10162928676478212795
10172482829232075268
10172547076177513625
10173770996302975035
10173925261832802555
10183040470944316599
10186872064581340383
10213407766135741677
10216592999800170061
10217125223998695046
10220775700887651885
10221985746644118821
10231374695224998352
10235865819214411100
10246819520790516227
10253356565032151071
10255220089173913331
10269111081297997209
10273028878761651481
10274331693682524490
10276356720874320123
10283335915910277801
10285042241227015432
10288797118648962128
10291497308690351631
10293065264544850989
10325504280686891774
10352248385027458864
10373469014007639668
10390629382405524772
10401963729771415542
10411376577388465985
10415500175173980868
10429480666423416645
10432958455355344537
10439163446701962085
10443593848108458977
10461734820661847891
10464609834241576093
10480418751558336469
10495518126827953667
10516879721088459046
10529780062396543592
10565231297076902695
10570512143833132393
10573186848190151551
10577596159866167640
10581025763902063517
10590846484360010507
10591697107193792827
10609907146247385372
10616953540913134652
10623970279459846611
10624384633402769851
10632761005981645152
10636006484690772223
10640043413679656593
10641196987158652386
10641407052650380784
10644270136587499663
10646191684810333649
10653905145587624406
10661122164869048725
10672209100781057787
10679380842971325364
10690323822377383669
10694826714306165571
10696123432243312534
10697708118345218659
10704524147488253893
10706694542849648686
10707567720699905082
10721371936018179697
10723386118016613486
10751814548164816221
10753876086606456550
10758568057869257232
10771633352260598478
10771719206779870498
10774168342224385862
10777049916769590906
10779684869295548248
10789514266094681133
10794631153056846963
10796279145011606575
10798891480684934563
10799192916898251633
10800335537868512476
10800528990624556204
10805220811140742322
10812941635933727499
10821900645683983485
10833627897174020831
10846340115030861748
10847687168487454161
10860588653559616622
10870131061415070360
10872408418410409696
10880545651439158539
10882133540913236985
10882533721768866462
10892442051918735459
10898296781203003525
10901766960675859433
10902441655359924258
10909212907431004375
10915069541063717099
10931963648582242248
10932854409003839843
10945956563482935435
10977065580666391568
10977879404422055804
10988649337777931530
10992681289949884941
10994208363533244366
10996815241178041390
11001444427942454766
11008053237524689033
11018234458720310176
11019119948793724324
11020617448800526168
11021663827645054280
11030150642268126692
11054243095946080396
11055476587957412558
11062976412641689503
11070963247548095818
11071870699714752472
11083917455888509895
11087139628947072622
11097238262648589446
11101565979719193819
11106898860279760244
11109254798675238982
11130888504992332268
11140431353276650971
11142693393183492425
11143819995403687304
11148435826857024954
11166925431313064152
11175342757377864981
11180437626923011242
11191608294483751592
11196094543411905125
11200811301467172548
11216101110882241616
11217033931076175759
11224096007332760037
11224706483783292139
11232236046532308180
11242420533075114448
11251356471039897458
11255936785386522331
11274127656976649998
11274189489103550464
11285971067089661171
11302255980193922556
11308709204610145585
11312486876139334810
11330973469228519419
11334520420003338578
11338114641947343061
11338221023632546082
11340318904074140730
11343852228600551259
11364118703140679966
11365541101732045120
11366974604401733305
11375855688242485510
11376119308926833670
11384616657151001180
11394216433286544149
11402939211619142544
11419553768075587807
11422657700659845622
11430062803353413680
11430800949536295813
11431571611880310506
11435392195726660579
11437848438181958272
11439009316404763847
11462924865586224727
11467177020479469749
11480683201770666511
11481393549666935977
11486445103591177107
11506581334658049194
11509904530282883608
11514656313439196291
11531378182540644885
11538352152808680349
11552964419625309570
11555224342405893976
11559542664824068573
11566764415463909016
11572397134904875094
11575582062921638787
11585227660188667427
11599402160550682948
11608037338035183622
11613032072474057068
11634586898906514368
11636859095390049066
11637540574240966431
11638109820500900081
11651580077376613860
11658630438528611247
11664691395885904289
11665549475846681782
11680975041062597681
11688482306723523957
11707059154882621109
11717888024519381545
11718678253347709523
11722417952019788596
11725685988062655053
11746218680269719894
11752048575221043663
11773988524359217891
11774102338527487677
11775560963587034915
11780640219235870540
11786292896908602855
11795549124910436466
11795626438708721614
11801639935990742375
11820272144256310118
11825408471920742869
11831441301921477803
11847066135207829369
11849596148691018966
11853340249074742175
11860290125043099117
11862868543184450821
11863016325830030043
11868449523441175556
11875548220819147149
11877551802272674379
11879156421462818135
11881033851986373820
11881062470782690342
11884939097242530429
11887987888848922136
11900514991819028404
11905177040279266680
11907061022274781844
11915307463048573634
11915566926357724842
11916389003783274792
11921322854814853949
11925524163630146112
11930485120968102027
11939527637173615387
11945112621996383090
11951359499448940200
11958268563912785494
11961916767573347895
11970598775091328731
12010902323449220999
12021988438683301010
12023339757751918991
12033252995794267833
12034097299027817889
12039666440621435269
12047533898962976018
12064771679068494772
12068237598808576760
12076011233837057823
12080269426607105306
12104425572900452772
12109555443562044698
12113473518351182806
12115154502205251448
12123612066239706463
12127269603070928587
12143618125538948064
12143889107866110116
12150908655214035266
12158342598747562988
12160892532794882587
12163757978386114160
12166158781749342430
12189804805741064891
12207456079014927649
12208445150223004951
12230815881508063732
12236561808865640020
12242901819462413674
12243313551816940163
12248647827202273863
12250663009409219682
12251138467414597871
12251777818880599595
12258696579197159616
12258721215442330700
12264317114294667244
12272077737529479783
12289023556195802133
12290164679854393011
12290816016022352093
12297198824560725836
12298895499509704623
12308400247099224971
12313159135842339144
12316205197297098696
12321590599447186610
12322693758300595666
12323467719553139651
12325879344356262348
12336030033082967719
12340348388327749763
12341760837829690662
12342022483440144202
12346052833176526159
12348431226876285904
12352151580129823488
12357554169801435319
12361618623364282004
12363073456824024465
12370637583690926510
12375287318797699137
12383384944602892494
12383616151248863078
12387373269170069047
12397284477076012956
12405282885500289394
12407732008631938244
12417152536274786712
12419339316129978363
12423119110182715147
12430304891694263204
12442492467325342619
12447214344090511253
12467371775795871059
12473185331139302267
12477895740629189096
12490134216319904552
12496058625290671932
12498250794265623299
12509251286246744555
12535065901233028250
12549929060211556538
12550181981867436965
12561089708456055326
12563590232649285125
12568927684571824135
12569594838960092488
12578133460443968939
12579850958537473867
12590131242182201253
12599683340386888292
12607488994300600779
12608179184130955476
12609689230318961553
12612724309559516067
12623872969861431794
12670884516784591828
12679662479897800020
12682963539717062744
12701340902078591507
12704476514308095511
12705870713465813848
12719777271011638827
12724694600174481006
12733343167474397517
12741414349327959780
12742400092946589754
12748024831480250695
12748704503663991365
12756848322252144629
12758931092589257417
12765857372388850973
12765967976695524703
12774372077991376372
12777965195685142592
12779449032442679473
12787508033602682310
12794072182793051823
12808763950293202842
12810628425518140139
12824455130499554381
12825942064958161735
12833852462460350053
12833937575466072043
12837459996095401570
12845020272544811719
12847706466735664069
12857525367553434868
12871022212764925145
12884042164674261229
12891496056707643178
12893637271908811481
12894854320761302922
12921239474393185393
12929830017168495019
12944268228608506475
12948440732047809198
12949845949189481963
12950829802167431394
12951358769773974409
12951808072345573357
12963223587500951683
12969002593998059676
12994351776481757427
12996772792329808089
12999989909353322516
13001163363348500337
13032414544345649298
13036825553741727337
13045491933131497343
13046205389070745519
13046787880190591269
13067501879405281014
13077074964407357850
13083404956262298370
13093982716733573373
13095296926699944385
13106570339977203010
13110829384633351699
13113818297363518930
13114781469283534972
13120642342307646420
13126741247319777134
13127270036845951831
13129162796047820574
13129180180011915791
13134029053127950257
13135508646754898006
13143830135975973453
13154823306539325009
13158129619128403393
13177008763023330522
13178738349194882130
13181129764901720540
13185622969505872998
13224787571185226729
13227335945897677238
13242594765551993140
13242760434615236957
13250677514534947793
13254139578639565879
13260373392952872271
13271219908946578829
13278504071290745063
13284965651886656403
13289813886435553789
13308797823091097524
13312085598317394843
13313498866375296071
13313640369329394872
13327481095099114389
13333094480581899168
13337284686969102210
13346339225870957821
13353642706973458468
13354608752994066171
13361490327301443731
13364101966538569233
13387890380689828393
13391719913128206640
13392468947810398601
13393876954486593399
13394451198630711070
13395370480159821894
13395692834350120311
13396048009722209092
13398582158032779223
13399861510407766295
13402231248311172744
13403876311719212144
13405177640546414545
13423312977016674102
13440561709891925851
13443495238838030026
13444186713823901017
13460307925314246393
13468289232180764734
13477256175881011229
13483979556537897605
13486048024343640553
13487733582604492359
13488155464671733223
13495959534135551224
13499884484335490616
13502543402247988054
13520603586478827767
13522758486517635378
13532547738085465738
13539009003460907835
13557518698339250652
13558101755611565657
13567336679545579680
13586145889540376645
13596248304071679431
13623204833390744240
13626790941451892565
13626997186084166880
13631641557273085437
13636108017152014181
13637712415596964083
13648145239595305762
13662016892467182331
13670261554389401910
13678178839296740716
13687737220655202385
13695654030217790177
13711056791705197622
13711928343752424466
13720270775757716747
13725366466253183182
13729584320758173193
13734851175042620005
13742828679138880818
13751591349310217582
13765774844268950604
13780468472070251552
13785458183599588833
13788421317118978405
13796533343146069886
13802203528051185428
13811970811607540546
13817271957562189118
13818205189735097527
13819964937668393892
13820003277560315704
13834561940322484786
13838218360650643675
13846346634337697916
13847693358931396161
13852509192211200330
13854319120262495579
13856582178882636840
13862194210067898512
13874595640066947687
13907853316491321277
13919396003142867531
13921089494361528656
13928810370516496597
13949000627898796179
13951842153634059331
13978512470314958248
13979608239718075977
13981435845792640053
13989320603295545519
13997272151277107308
14000225168902143208
14003879016725643242
14024197493642253922
14035782946384255429
14052299939792683190
14057553672476124764
14058006631052731060
14065330940927181201
14066312631315264548
14066418316699098360
14087935641049688149
14098824793642965019
14109742693903261224
14110154110283779087
14120758507768312059
14150979357951772918
14175240404429834223
14177817927789814170
14179090479566435827
14182530199378011215
14184577413875806791
14193673691754954256
14201836194554852772
14205345689555074105
14211418792459195051
14214354289490244007
14218978549502934945
14241443329895811544
14256794274201830358
14265931383881019756
14266518518525305788
14268106539199249569
14272320740031108472
14273142882567510387
14288547861690601377
14295021592832448095
14306660747178119732
14315461401079876966
14322750620504043015
14328285116804082877
14353214816687425542
14365024182515358258
14366726741841331935
14368263065157239223
14368852670409094783
14380383424358056894
14384848399146504995
14384856280966716189
14386914955621696127
14394306416159518218
14395917103889729250
14400221588359278252
14415162382261592287
14419928166361406526
14427010639581345471
14430810993100157139
14433033520583634392
14434418645477766088
14436460036806699181
14445008830193827699
14456158703162347297
14456622810214137753
14458250294455911860
14477887258311097122
14480361160576996017
14493027466464909105
14514187705391660009
14526075269158738016
14538246622629827355
14542460847127477098
14551096597436361921
14553736410526793318
14554710861849578770
14559973336793566336
14560296256932808661
14568928332967119321
14570296221701476592
14575035944057806323
14576949583684041215
14581851616237380338
14584390970517403061
14608189505587305374
14613206601941869559
14619805296137380373
14626159031720813259
14629520160123788644
14630352229045585811
14632605775103218570
14633480312303304809
14638359906785775133
14654836046400152913
14657159084180736130
14659978768088320087
14667143588419787982
14671510446492391716
14678971442380603552
14686725638485600323
14690328996954501230
14695468185892381740
14697625084223343084
14698843893598851084
14704940921964192741
14705172777995095623
14711305295777032269
14716043700526385290
14717111093880793917
14718433486137271105
14722080831198614368
14722285056836949405
14722462583844384456
14732560421226117454
14744746259521497470
14753354314152197562
14754452800882556504
14756881631019670144
14795083675785744085
14812302242666399756
14817153463753168663
14817329566152323391
14843636435003235913
14850579578946523834
14870058347356656055
14874776204561415750
14892799418071390103
14900190249071283556
14901134235408414271
14920275321395077568
14921577314818708360
14926725831416357748
14928721939004332908
14929363527513071425
14944491010443308624
14952619799468603128
14954522288429112017
14956560683164684085
14964537709551458885
14975162811818727624
14981122654432377659
14994162493027872616
14995534609959513528
15000840747481474921
15004207674256182405
15009663020572018055
15023984826740558869
15051470358354607857
15053765093590313031
15058015811324239499
15059483957278359252
15067505118666635576
15085219460517495116
15092983001002435056
15103588135206304331
15104680452783161476
15105850595841901431
15108774832755748065
15119686662066149146
15122580012550417236
15134122946866845037
15145560354622877044
15155814120629357447
15159225833947423830
15159816667368051876
15166033908461213765
15178805255969568045
15179416408513308449
15183077429601006324
15190683230223243684
15198791505919709853
15211848527867364673
15219682186347427348
15224398012997905121
15239522967958816896
15255333233726263861
15266156299600647817
15288293681085441906
15295425085839878358
15302657982075038711
15307154616033413885
15315775284521170727
15317076949007994157
15324019331526075268
15327171115610442679
15328119178234539538
15353874393585015009
15354509488749272195
15356633484604457992
15362252742802938618
15370033702890721446
15371388104846924371
15378224738835027185
15380079523114053017
15381802415146647893
15389204860874295070
15392782849373477792
15393712037351588466
15398935414451335643
15400078734023447086
15407062554707693921
15414883151028571602
15415456095627667397
15415818321812575321
15416921625033749427
15421232071705701241
15444952784013828968
15456341015434749375
15461813278671322272
15483076063207346775
15485631027803931961
15485663493215868962
15485796912331286273
15490408879619269009
15492383305998791407
15494112944249695256
15494135845744535645
15497947150168789546
15500015394113722426
15500587071565012469
15506987966247512473
15522255788605754275
15526906600922399678
15533205236758697944
15552314136556366000
15565261729620233500
15569544159338884013
15581082874665524541
15582866024426811234
15587422511598444848
15592333002923837110
15593710002481781234
15596203482643055527
15599240597171206456
15602451486835112772
15603573706808122404
15606930238183734668
15609314604958120711
15611472171704790022
15614995787194225799
15620890101975868959
15629374476176949851
15630315567299783960
15633438664419925101
15636299466696389374
15648510717814310503
15648575790144296063
15659175040468448095
15664845724076523795
15671118209770646852
15672415561776068189
15677253389738994619
15683360228126955486
15689471216835993860
15714371878424310186
15716990316327304202
15717625847483847178
15722097525484060024
15736879562102621943
15740541434319110732
15743720255572446997
15749891194895942456
15767371214065816345
15784822410607300652
15785564138920458515
15788472788252291595
15790042726859058952
15792910531465709958
15800386370874905546
15801675046974704089
15809280344539197378
15812088288865466099
15812898852069132232
15816337362562910455
15816425964143282795
15825724785603077837
15826046795279223057
15831895802967462643
15852569692969078263
15855442375207056847
15858720732121587177
15859124178170855403
15864816479784554601
15867205021636143838
15887944901206257781
15892257521511702024
15895672988836130515
15902401856251681006
15903261091928229477
15918261098264712412
15920891232695431858
15927601860067752918
15935444271132253492
15936282514193289621
15936492942738368478
15938130672034464102
15942774983139536851
15952271679840920526
15954287339912461161
15958549793493482229
15963529808732818605
15978807681956617754
15985382061303623317
15985392127591740370
15986015007118943595
15988393643309612005
15998087802134836027
16010081707368949697
16011147937606223777
16012948228545980239
16014841365003101615
16017056402613082332
16028817395483557842
16035620032843657665
16054183227445847829
16078957269478548639
16105641242934111954
16110726313068890967
16112552678923523467
16114756624191732763
16126349579968455725
16132193860127339057
16151014029764620344
16153757711055965704
16155045055483037688
16168861168570885472
16189701687028680160
16191989149311457469
16202751868972261142
16207938985615415591
16209775692194010678
16219681872967383749
16222739341567094351
16223481975392345075
16224892677825271062
16225413626607224795
16229420075854912096
16230143232318512399
16234376147363709800
16250660987611936098
16257446372934774548
16263494693283334118
16264381317256923731
16284112860072323490
16289616081844059019
16304900465839876304
16308179888787430364
16323937669866001677
16335807597525844187
16357821696429508738
16362032674891443110
16370236780523180544
16373300309572594158
16378732889504248574
16379788371233718098
16380079650002528042
16387393213847582363
16388720953186177798
16389678816972430186
16401871005053216463
16415931521387132320
16422678744455234319
16424574841183764936
16425137746159283639
16429577316314372235
16433377914563630816
16437632156407763143
16439179625663799143
16454055093439257826
16469377266683016013
16472832922335034363
16474508085302483472
16484770171018338136
16491058062984336658
16491772255032960914
16493194909203697183
16498972290467871062
16503706591348987654
16508460873610861343
16516884062481888291
16520235789183068465
16530077451433234890
16538060541510330655
16539453345425601937
16544841009301321453
16546254420673891788
16547113185511088962
16552691428281556650
16555850976340338926
16586188790496109141
16588584635855129422
16594718874074667025
16597887607595172648
16599339356840326009
16605684626045166835
16616561069744186158
16630404917573945627
16630995662767334905
16637103341766376902
16639685480455723726
16642072771451938041
16649446421515785165
16650687636684255840
16660774807423476411
16669344397541530984
16672191496225553743
16675855957174211989
16679598825938589643
16681532412945993469
16681571810798132861
16689631432886394238
16691226689358869962
16692809229341304486
16703204600307324105
16713963178667192114
16721526186711084122
16736338351333775659
16743131031192862392
16771325118200755459
16773498772013867666
16773644379707529032
16787005438465790981
16788961897909295771
16790073147285464373
16791293587833573851
16795979285254656235
16804235694891037505
16806480796070948136
16818278057114290797
16830754748235169698
16847100031849532261
16862115174494757077
16869891589014968934
16871552652825527870
16871726593550601573
16878164058106674156
16893418972694659115
16898476766269861193
16916028680449855223
16923667275066630709
16925176244064021156
16941343398691763271
16958778763783018914
16960621537593001417
16965918264135650316
16966345742732352447
16972686185854479500
16972831545138469028
16978543095824795128
16979215109011562883
16990183881001783408
16992471923005354865
17004992101368877614
17020120372779153032
17056178915015044360
17063117527911694890
17068735621037027362
17080338606327882592
17085784179902662700
17090359299206187277
17110807938713733301
17148522174480963116
17155525271364811796
17164324625349107381
17164395182372806746
17166622463909176135
17178864119790269738
17180535633558226821
17182931000145989405
17188252625290367442
17198017755182826748
17211221038991230819
17232904470786148759
17253532025896274232
17253806366072487000
17260220818165076469
17285552363983730758
17297457122353063766
17303464621287950172
17308120354416837315
17308828993256831650
17308884697405324241
17309080300237272970
17312342155113055323
17313183604065860756
17348302671131321855
17355183143150939670
17358831399579061524
17364635461557490166
17368719282049508414
17371450500550446366
17371841695301607272
17381611989454102387
17389957736511432206
17392043319544201384
17397933496406262343
17402192770732786004
17404272500238172142
17404984486146080466
17405673115973250750
17406463005720167088
17406753098462324596
17417858161707069620
17418189655225743289
17431701257221817907
17437621465488515592
17439044566425747174
17441680676163385002
17442254947917498629
17444419091905240663
17445076421656629385
17447218188198064658
17453854990640028255
17477351459470383576
17488841983870248008
17526393781909256277
17562320909441228602
17567660817147022202
17567996159503340173
17572995613506626414
17576119109496693422
17586950694243183506
17590110641156855803
17593927545083639391
17596372129212801785
17599197058193973552
17609419870137570531
17616558207430912641
17624640918594034636
17636273259294912571
17640592805824909354
17640902133460533644
17642307789776895508
17652639021734298113
17654944956178260742
17655872189910860255
17670636486504192978
17673672217049040982
17676324519275246855
17676694639292929083
17681015996322974056
17681522175501620678
17693994286294430655
17698620318805553539
17700777125844834287
17705658102786485371
17710365529466557105
17723991013404443934
17745269584979762751
17760618968390405263
17764415040846440016
17769370126440828832
17770776337692020788
17776246640290129823
17777479323291855577
17779018364512265293
17789690976792599469
17793076006777196681
17793906864650848745
17795120161661071552
17796108363181210209
17826092599302684166
17828106591546599862
17848102220777894104
17852762127016264114
17857408462609363669
17857434754362369690
17870528192130713614
17874017397807925256
17875586011202315680
17876322354227593187
17898369228337802586
17903134854558433127
17906056417681272252
17910247992910979007
17912672861004841048
17915427496299899669
17920872316275096307
17927814551349551354
17931823782609977545
17935604756487605526
17963297483469772427
17975368063669941935
17976679857541160668
17985434736662969328
17985518675719562021
17998392908707313870
18002247501892084125
18003325318582706281
18005866080529115321
18009823948324380587
18021965641644996499
18032452115999070682
18034254998136938849
18035417737064346193
18036680750761524834
18037568010846100266
18043995990137583220
18050109347162705375
18062594909137509289
18064459743159496213
18071188384998915077
18072399860920203646
18088534519334537031
18096258592841541911
18097779736842008341
18100553945720862575
18128104286453375416
18135028197644609396
18163708548632943849
18187308127267435444
18199327763603373298
18224252444076456957
18236892085937942029
18245065033657214148
18245156286064834371
18246123671476555507
18254096703800539306
18257915279892507177
18264511615858186607
18267845226528836143
18268380726852038775
18273463584701853608
18278739387827769034
18278925032449871798
18286297135143573240
18287630824869734807
18305564572742917332
18307842083888104264
18337518790108542201
18344186350470083343
18344533189340070516
18359297924291912124
18367748976826997816
18376735855066767846
18389106157315180891
18419463835565556513
18420529378387818469
18425132983920895718
18439672786801395252
18443475952708881740
18444011717151151014
